4294967278,371
4294967279,559
4294967278,370
4294967279,558
4294967278,369
31,4
31,3
31,2
31,1
31,0
4294967278,368
4294967278,367
4294967278,366
30,4
30,3
30,2
30,1
30,0
4294967278,365
4294967278,364
4294967279,557
4294967278,363
4294967278,362
4294967279,556
4294967278,361
4294967278,360
4294967279,555
4294967278,359
4294967279,554
4294967278,358
4294967278,357
4294967279,553
4294967278,356
4294967279,552
4294967278,355
4294967279,551
4294967278,354
29,5
4294967279,550
29,4
4294967278,353
29,3
29,2
29,1
29,0
28,4
28,3
28,2
28,1
28,0
27,5
27,4
27,3
27,2
27,1
27,0
26,4
26,3
26,2
26,1
26,0
4294967294,316
4294967279,549
4294967278,352
4294967279,548
4294967278,351
4294967279,547
25,5
25,4
25,3
25,2
25,1
25,0
4294967278,350
24,4
24,3
24,2
24,1
24,0
4294967279,546
4294967279,545
23,5
23,4
23,3
23,2
23,1
23,0
4294967278,349
22,4
22,3
22,2
22,1
22,0
4294967279,544
4294967278,348
4294967279,543
4294967279,542
4294967279,541
4294967278,347
4294967278,346
4294967279,540
4294967278,345
4294967279,539
4294967279,538
4294967278,344
4294967279,537
4294967278,343
21,5
21,4
21,3
21,2
21,1
21,0
4294967278,342
4294967279,536
4294967278,341
4294967279,535
4294967278,340
4294967279,534
4294967279,533
20,5
20,4
20,3
20,2
20,1
20,0
4294967279,532
4294967278,339
4294967294,468
4294967279,531
19,5
19,4
19,3
19,2
19,1
19,0
4294967279,530
18,4
18,3
18,2
18,1
18,0
4294967279,529
4294967278,338
4294967279,528
4294967278,337
4294967279,527
17,5
17,4
17,3
17,2
17,1
17,0
4294967278,336
4294967279,526
4294967278,335
4294967278,334
16,4
4294967279,525
16,3
16,2
16,1
16,0
4294967278,333
4294967279,524
4294967278,332
4294967279,523
4294967279,522
4294967278,331
4294967278,330
4294967278,329
4294967279,521
4294967279,520
4294967279,519
4294967278,328
4294967279,518
4294967279,517
4294967279,516
15,4
15,3
15,2
15,1
15,0
4294967279,515
4294967278,327
14,5
14,4
14,3
14,2
14,1
14,0
13,4
13,3
13,2
13,1
13,0
4294967278,326
4294967278,325
4294967279,514
4294967279,513
4294967278,324
4294967279,512
4294967279,319
4294967278,323
4294967278,322
4294967279,318
4294967278,321
4294967279,317
4294967278,320
4294967278,319
4294967279,316
12,4
12,3
12,2
12,1
12,0
4294967278,318
4294967279,315
4294967278,317
4294967279,314
4294967278,316
4294967279,313
4294967279,312
4294967278,315
11,4
11,3
11,2
11,1
11,0
4294967278,314
4294967279,311
4294967278,313
4294967279,310
4294967278,312
4294967278,311
10,5
10,4
10,3
10,2
10,1
10,0
4294967279,309
9,4
9,3
9,2
9,1
9,0
4294967278,310
4294967279,308
4294967278,309
4294967279,307
4294967278,308
4294967279,306
4294967279,305
4294967278,307
4294967278,306
4294967279,304
4294967278,305
4294967278,304
4294967279,303
4294967279,302
4294967278,303
4294967279,301
4294967278,302
4294967278,301
8,5
8,4
8,3
8,2
8,1
8,0
4294967279,300
7,4
7,3
7,2
7,1
7,0
4294967278,300
4294967279,299
4294967278,299
4294967279,298
4294967278,298
4294967279,297
4294967279,296
4294967278,297
4294967278,296
4294967279,295
4294967278,295
4294967279,294
4294967278,294
4294967279,293
4294967278,293
4294967279,292
4294967279,291
6,5
6,4
6,3
6,2
6,1
6,0
4294967278,292
5,4
5,3
5,2
5,1
5,0
4294967279,290
4294967294,1148
4294967279,289
4294967278,291
4294967279,288
4294967278,290
4294967279,287
4294967279,286
4294967278,289
4294967278,288
4294967278,287
4294967279,285
4294967279,284
4294967278,286
4294967279,283
4294967278,285
4294967278,284
4,5
4294967279,282
4,4
4,3
4,2
4,1
4,0
4294967279,281
4294967279,280
